Index	Date	Time	[uSec]	Freq	Code	Signal	Latitude	Longitude
1435	6/23/2022	19:15:29	459237	150.4	60	107	63.02211	-146.06679
1436	6/23/2022	19:15:33	396955	150.4	158	109	63.0227	-146.06509
1437	6/23/2022	19:15:34	960816	150.4	60	93	63.02285	-146.06472
1438	6/23/2022	19:15:40	460901	150.4	60	90	63.02415	-146.06443
1439	6/23/2022	19:15:48	231195	150.4	57	87	63.02593	-146.06728
1440	6/23/2022	19:15:53	731424	150.4	57	94	63.02669	-146.06968
1441	6/23/2022	19:16:59	739680	150.4	57	86	63.02455	-146.06537
1442	6/23/2022	19:17:10	740597	150.4	57	86	63.02726	-146.06622
1443	6/23/2022	19:17:16	240219	150.4	57	128	63.02861	-146.06545
1444	6/23/2022	19:17:21	740784	150.4	57	118	63.02952	-146.06381
1445	6/23/2022	19:17:38	684944	150.4	98	84	63.03272	-146.05901
1446	6/23/2022	19:17:44	182624	150.4	98	102	63.03383	-146.0571
1447	6/23/2022	19:17:48	221989	150.4	56	107	63.0346	-146.05619
1448	6/23/2022	19:17:54	651493	150.4	54	96	63.03594	-146.05566
1449	6/23/2022	19:17:55	183840	150.4	98	105	63.03617	-146.05564
1450	6/23/2022	19:17:58	831968	150.4	52	86	63.03684	-146.05564
1451	6/23/2022	19:17:59	222944	150.4	56	122	63.03706	-146.05563
1452	6/23/2022	19:18:00	151749	150.4	54	118	63.03706	-146.05563
1453	6/23/2022	19:18:00	684827	150.4	98	99	63.03728	-146.0556
1454	6/23/2022	19:18:04	723808	150.4	56	102	63.03818	-146.05533
1455	6/23/2022	19:18:05	652240	150.4	54	124	63.0384	-146.05522
1456	6/23/2022	19:18:06	184875	150.4	999	133	63.0384	-146.05522
1457	6/23/2022	19:18:06	461435	150.4	999	84	63.03862	-146.0551
1458	6/23/2022	19:18:09	832373	150.4	52	114	63.03927	-146.05469
1459	6/23/2022	19:18:11	153168	150.4	999	136	63.03947	-146.05452
1460	6/23/2022	19:18:11	891936	150.4	999	85	63.03967	-146.05433
1461	6/23/2022	19:18:15	332880	150.4	52	145	63.04037	-146.05322
1462	6/23/2022	19:18:15	586096	150.4	55	98	63.04037	-146.05322
1463	6/23/2022	19:18:15	997029	150.4	59	84	63.04037	-146.05322
1464	6/23/2022	19:18:16	653643	150.4	999	113	63.04049	-146.05282
1465	6/23/2022	19:18:17	186123	150.4	999	129	63.04049	-146.05282
1466	6/23/2022	19:18:20	833691	150.4	52	114	63.04067	-146.05094
1467	6/23/2022	19:18:21	86603	150.4	55	107	63.04067	-146.05094
1468	6/23/2022	19:18:22	892325	150.4	999	94	63.04071	-146.04998
1469	6/23/2022	19:18:37	335749	150.4	52	114	63.04299	-146.05016
1470	6/23/2022	19:18:42	836491	150.4	52	109	63.04282	-146.05312
1471	6/23/2022	19:18:44	689776	150.4	98	106	63.0425	-146.05424
1472	6/23/2022	19:18:49	224	150.4	59	118	63.04156	-146.05592
1473	6/23/2022	19:18:49	657717	150.4	54	122	63.04129	-146.05622
1474	6/23/2022	19:18:50	189893	150.4	98	138	63.041	-146.05646
1475	6/23/2022	19:19:00	658731	150.4	54	107	63.03832	-146.05576
1476	6/23/2022	19:19:05	497643	150.4	999	121	63.03806	-146.05329
1477	6/23/2022	19:19:06	159376	150.4	54	129	63.03806	-146.05329
1478	6/23/2022	19:19:06	691861	150.4	999	133	63.03814	-146.05283
1479	6/23/2022	19:19:06	968704	150.4	999	83	63.03814	-146.05283
1480	6/23/2022	19:19:11	659829	150.4	999	127	63.03891	-146.05104
1481	6/23/2022	19:19:12	397867	150.4	999	115	63.0391	-146.05075
1482	6/23/2022	19:19:15	840848	150.4	52	96	63.03969	-146.04985
1483	6/23/2022	19:19:17	161387	150.4	54	87	63.03988	-146.04954
1484	6/23/2022	19:19:21	342672	150.4	52	84	63.04069	-146.04775
1485	6/23/2022	19:19:35	71093	150.4	100	80	63.04147	-146.04133
1486	6/23/2022	19:19:40	569712	150.4	100	125	63.04151	-146.03803
1487	6/23/2022	19:19:46	70432	150.4	100	126	63.04152	-146.03543
1488	6/23/2022	19:20:02	572224	150.4	100	127	63.04334	-146.02946
1489	6/23/2022	19:20:13	573739	150.4	100	107	63.04493	-146.03332
1490	6/23/2022	19:20:19	74219	150.4	100	139	63.0443	-146.03625
1491	6/23/2022	19:20:24	575461	150.4	100	104	63.04289	-146.03926
1492	6/23/2022	19:20:34	171941	150.4	999	79	63.0405	-146.04381
1493	6/23/2022	19:20:39	7963	150.4	999	119	63.03932	-146.04671
1494	6/23/2022	19:20:39	670037	150.4	999	116	63.03911	-146.04735
1495	6/23/2022	19:20:40	202715	150.4	98	132	63.0389	-146.04799
1496	6/23/2022	19:20:44	508496	150.4	999	142	63.03808	-146.05058
1497	6/23/2022	19:20:45	170539	150.4	999	131	63.03808	-146.05058
1498	6/23/2022	19:20:45	703365	150.4	98	123	63.03786	-146.05118
1499	6/23/2022	19:20:49	741691	150.4	56	142	63.03685	-146.05328
1500	6/23/2022	19:20:50	672059	150.4	54	91	63.03656	-146.05372
1501	6/23/2022	19:20:51	205472	150.4	98	84	63.03625	-146.05412
1502	6/23/2022	19:21:10	498768	150.4	60	107	63.02983	-146.05877
1503	6/23/2022	19:21:15	999173	150.4	60	134	63.02816	-146.0598
1504	6/23/2022	19:21:19	938480	150.4	158	90	63.02681	-146.05997
1505	6/23/2022	19:21:20	557163	150.4	51	100	63.02648	-146.05993
1506	6/23/2022	19:21:21	499648	150.4	60	119	63.02615	-146.05986
1507	6/23/2022	19:21:25	438837	150.4	158	108	63.02492	-146.05926
1508	6/23/2022	19:21:30	938917	150.4	158	153	63.02345	-146.05798
1509	6/23/2022	19:21:36	440144	150.4	158	97	63.02172	-146.0563
1510	6/23/2022	19:22:20	446256	150.4	158	84	63.02167	-146.06219
1511	6/23/2022	19:22:25	945840	150.4	158	102	63.02292	-146.06146
1512	6/23/2022	19:22:31	446880	150.4	158	89	63.02444	-146.06087
1513	6/23/2022	19:22:33	7824	150.4	60	123	63.02469	-146.06082
1514	6/23/2022	19:22:37	566096	150.4	51	102	63.02596	-146.06081
1515	6/23/2022	19:22:38	508480	150.4	60	120	63.02621	-146.0608
1516	6/23/2022	19:22:44	10725	150.4	60	88	63.02746	-146.06074
1517	6/23/2022	19:22:51	778053	150.4	57	110	63.02937	-146.06021
1518	6/23/2022	19:23:12	758432	150.4	56	90	63.03384	-146.05626
1519	6/23/2022	19:23:13	688629	150.4	54	86	63.03406	-146.05613
1520	6/23/2022	19:23:14	221275	150.4	98	94	63.03429	-146.05598
1521	6/23/2022	19:23:18	258597	150.4	56	96	63.03514	-146.0553
1522	6/23/2022	19:23:19	188560	150.4	54	109	63.03514	-146.0553
1523	6/23/2022	19:23:19	721509	150.4	98	106	63.03534	-146.05511
1524	6/23/2022	19:23:23	758912	150.4	56	121	63.03616	-146.05438
1525	6/23/2022	19:23:24	688821	150.4	999	119	63.03638	-146.05421
1526	6/23/2022	19:23:25	221829	150.4	98	121	63.03659	-146.05403
1527	6/23/2022	19:23:28	872645	150.4	52	92	63.0372	-146.05347
1528	6/23/2022	19:23:29	123248	150.4	999	96	63.0372	-146.05347
1529	6/23/2022	19:23:29	526944	150.4	999	172	63.03739	-146.05327
1530	6/23/2022	19:23:30	189419	150.4	999	126	63.03739	-146.05327
1531	6/23/2022	19:23:30	722512	150.4	999	130	63.03757	-146.05305
1532	6/23/2022	19:23:34	373061	150.4	52	96	63.03831	-146.05213
1533	6/23/2022	19:23:34	623344	150.4	999	138	63.03831	-146.05213
1534	6/23/2022	19:23:34	832299	150.4	999	128	63.03831	-146.05213
1535	6/23/2022	19:23:35	690053	150.4	999	143	63.03851	-146.0519
1536	6/23/2022	19:23:36	429797	150.4	999	106	63.03871	-146.05165
1537	6/23/2022	19:23:39	873237	150.4	52	119	63.03928	-146.05071
1538	6/23/2022	19:23:40	124277	150.4	55	104	63.03928	-146.05071
1539	6/23/2022	19:23:40	534325	150.4	59	108	63.03944	-146.05035
1540	6/23/2022	19:23:41	191691	150.4	999	87	63.03944	-146.05035
1541	6/23/2022	19:23:41	930469	150.4	999	98	63.03959	-146.04994
1542	6/23/2022	19:23:45	374224	150.4	52	96	63.04004	-146.04808
1543	6/23/2022	19:23:45	626512	150.4	55	82	63.04004	-146.04808
1544	6/23/2022	19:24:04	601083	150.4	100	106	63.04124	-146.03849
1545	6/23/2022	19:24:15	602144	150.4	100	136	63.04238	-146.0335
1546	6/23/2022	19:24:21	103147	150.4	100	101	63.04284	-146.03125
1547	6/23/2022	19:24:26	603712	150.4	100	107	63.0433	-146.02827
1548	6/23/2022	19:25:25	791760	150.4	92	100	63.04923	-146.00027
1549	6/23/2022	19:25:30	828235	150.4	47	101	63.05	-145.9982
1550	6/23/2022	19:25:31	292800	150.4	92	94	63.05	-145.9982
1551	6/23/2022	19:25:44	162699	150.4	42	88	63.05272	-145.99624
1552	6/23/2022	19:25:44	508619	150.4	44	84	63.05294	-145.99644
1553	6/23/2022	19:25:44	890293	150.4	999	84	63.05294	-145.99644
1554	6/23/2022	19:25:46	27637	150.4	45	89	63.05317	-145.99669
1555	6/23/2022	19:25:46	410459	150.4	94	84	63.05338	-145.99697
1556	6/23/2022	19:25:47	230139	150.4	87	97	63.05338	-145.99697
1557	6/23/2022	19:25:49	162763	150.4	42	97	63.05379	-145.99762
1558	6/23/2022	19:25:49	507877	150.4	44	116	63.05399	-145.99795
1559	6/23/2022	19:25:51	26128	150.4	45	104	63.05419	-145.99828
1560	6/23/2022	19:25:52	230997	150.4	87	88	63.05439	-145.99859
1561	6/23/2022	19:25:52	777488	150.4	84	80	63.05459	-145.99889
1562	6/23/2022	19:25:53	234000	150.4	90	84	63.05459	-145.99889
1563	6/23/2022	19:25:54	163429	150.4	42	96	63.05479	-145.99919
1564	6/23/2022	19:25:54	508720	150.4	44	113	63.05499	-145.99949
1565	6/23/2022	19:25:56	25461	150.4	45	97	63.05519	-145.9998
1566	6/23/2022	19:25:59	163536	150.4	42	153	63.05576	-146.00085
1567	6/23/2022	19:25:59	509019	150.4	44	143	63.05595	-146.00122
1568	6/23/2022	19:25:59	740987	150.4	41	96	63.05595	-146.00122
1569	6/23/2022	19:26:01	24251	150.4	45	144	63.05614	-146.0016
1570	6/23/2022	19:26:01	231088	150.4	85	107	63.05633	-146.00196
1571	6/23/2022	19:26:03	235259	150.4	90	85	63.05652	-146.00232
1572	6/23/2022	19:26:04	164293	150.4	42	161	63.05671	-146.00268
1573	6/23/2022	19:26:04	509973	150.4	44	111	63.05689	-146.00303
1574	6/23/2022	19:26:06	23525	150.4	45	160	63.05707	-146.00338
1575	6/23/2022	19:26:09	164971	150.4	42	126	63.05754	-146.00456
1576	6/23/2022	19:26:09	510677	150.4	44	95	63.05766	-146.00505
1577	6/23/2022	19:26:14	167008	150.4	42	82	63.05771	-146.00744
1578	6/23/2022	19:26:18	236507	150.4	90	95	63.05698	-146.00951
1579	6/23/2022	19:26:19	743184	150.4	41	104	63.05641	-146.01
1580	6/23/2022	19:26:21	233387	150.4	85	103	63.05578	-146.01001
1581	6/23/2022	19:26:23	236053	150.4	90	115	63.05549	-146.00985
1582	6/23/2022	19:26:24	743579	150.4	41	148	63.05496	-146.00919
1583	6/23/2022	19:26:25	835184	150.4	47	84	63.05476	-146.00874
1584	6/23/2022	19:26:26	20736	150.4	45	100	63.05476	-146.00874
1585	6/23/2022	19:26:26	233691	150.4	85	127	63.0546	-146.00823
1586	6/23/2022	19:26:28	236709	150.4	90	126	63.05449	-146.00768
1587	6/23/2022	19:26:29	167659	150.4	42	105	63.05442	-146.00712
1588	6/23/2022	19:26:29	514725	150.4	44	82	63.0544	-146.00656
1589	6/23/2022	19:26:29	744219	150.4	41	124	63.0544	-146.00656
1590	6/23/2022	19:26:31	20197	150.4	45	101	63.05441	-146.00602
1591	6/23/2022	19:26:33	237307	150.4	90	118	63.05453	-146.00503
1592	6/23/2022	19:26:34	168053	150.4	42	114	63.05464	-146.00459
1593	6/23/2022	19:26:34	513563	150.4	44	105	63.05478	-146.00421
1594	6/23/2022	19:26:34	745104	150.4	41	121	63.05478	-146.00421
1595	6/23/2022	19:26:36	19003	150.4	45	109	63.05495	-146.00386
1596	6/23/2022	19:26:36	234923	150.4	85	107	63.05513	-146.00352
1597	6/23/2022	19:26:37	235925	150.4	87	95	63.05513	-146.00352
1598	6/23/2022	19:26:38	238773	150.4	90	85	63.05531	-146.00317
1599	6/23/2022	19:26:39	168795	150.4	42	151	63.05549	-146.00281
1600	6/23/2022	19:26:39	746805	150.4	41	86	63.05565	-146.00241
1601	6/23/2022	19:26:41	18224	150.4	45	143	63.0558	-146.002
1602	6/23/2022	19:26:42	780613	150.4	84	93	63.05608	-146.00114
1603	6/23/2022	19:26:44	169056	150.4	42	147	63.05622	-146.00069
1604	6/23/2022	19:26:46	17605	150.4	45	104	63.05646	-145.99975
1605	6/23/2022	19:26:46	916117	150.4	94	85	63.05656	-145.99925
1606	6/23/2022	19:26:47	236736	150.4	87	102	63.05656	-145.99925
1607	6/23/2022	19:26:49	170667	150.4	42	88	63.05671	-145.99814
1608	6/23/2022	19:26:49	515429	150.4	44	101	63.05678	-145.99759
1609	6/23/2022	19:26:50	851595	150.4	91	92	63.05685	-145.99705
1610	6/23/2022	19:26:52	416501	150.4	94	90	63.05705	-145.99605
1611	6/23/2022	19:26:54	517536	150.4	44	80	63.05729	-145.99518
1612	6/23/2022	19:26:54	722725	150.4	49	85	63.05729	-145.99518
1613	6/23/2022	19:26:56	352064	150.4	91	110	63.05759	-145.99441
1614	6/23/2022	19:26:57	237621	150.4	87	119	63.05759	-145.99441
1615	6/23/2022	19:26:57	781749	150.4	84	115	63.05776	-145.9941
1616	6/23/2022	19:27:01	852421	150.4	91	108	63.05857	-145.99334
1617	6/23/2022	19:27:02	238149	150.4	87	132	63.05857	-145.99334
1618	6/23/2022	19:27:02	783088	150.4	84	93	63.05879	-145.99329
1619	6/23/2022	19:27:03	417323	150.4	94	98	63.05901	-145.99328
1620	6/23/2022	19:27:04	172704	150.4	42	87	63.05901	-145.99328
1621	6/23/2022	19:27:07	353163	150.4	91	109	63.05993	-145.99299
1622	6/23/2022	19:27:07	782704	150.4	84	148	63.05993	-145.99299
1623	6/23/2022	19:27:08	917968	150.4	94	101	63.06015	-145.99279
1624	6/23/2022	19:27:09	919461	150.4	999	65	63.06035	-145.99253
1625	6/23/2022	19:27:12	239627	150.4	87	110	63.0607	-145.99188
1626	6/23/2022	19:27:14	203595	150.4	93	80	63.06099	-145.99111
1627	6/23/2022	19:27:14	418331	150.4	94	120	63.06111	-145.99068
1628	6/23/2022	19:27:14	723317	150.4	49	117	63.06111	-145.99068
1629	6/23/2022	19:27:17	239840	150.4	87	128	63.0613	-145.98974
1630	6/23/2022	19:27:17	784688	150.4	999	88	63.06136	-145.98923
1631	6/23/2022	19:27:18	354267	150.4	91	129	63.06141	-145.98868
1632	6/23/2022	19:27:19	954149	150.4	999	80	63.06143	-145.98812
1633	6/23/2022	19:27:20	882571	150.4	96	127	63.06145	-145.98755
1634	6/23/2022	19:27:22	240555	150.4	87	110	63.06147	-145.98697
1635	6/23/2022	19:27:22	785419	150.4	999	87	63.06148	-145.9864
1636	6/23/2022	19:27:23	855157	150.4	91	104	63.0615	-145.98582
1637	6/23/2022	19:27:24	724501	150.4	49	166	63.06151	-145.98523
1638	6/23/2022	19:27:25	419589	150.4	94	114	63.06152	-145.98463
1639	6/23/2022	19:27:26	383456	150.4	96	134	63.06152	-145.98401
1640	6/23/2022	19:27:27	106741	150.4	46	109	63.06152	-145.98401
1641	6/23/2022	19:27:27	574800	150.4	183	88	63.06152	-145.98339
1642	6/23/2022	19:27:29	953019	150.4	43	110	63.0615	-145.98215
1643	6/23/2022	19:27:32	242357	150.4	87	94	63.06146	-145.98091
1644	6/23/2022	19:27:32	575349	150.4	183	97	63.06143	-145.98029
1645	6/23/2022	19:27:37	575461	150.4	183	110	63.06116	-145.97728
1646	6/23/2022	19:27:39	634731	150.4	82	85	63.06116	-145.97617
1647	6/23/2022	19:27:46	659051	150.4	74	83	63.06219	-145.97481
1648	6/23/2022	19:27:49	240480	150.4	61	115	63.0625	-145.97539
1649	6/23/2022	19:27:51	359573	150.4	91	87	63.06268	-145.97687
1650	6/23/2022	19:27:52	244011	150.4	87	111	63.06268	-145.97687
1651	6/23/2022	19:27:52	706139	150.4	93	94	63.06264	-145.97746
1652	6/23/2022	19:27:54	728011	150.4	49	130	63.0624	-145.97859
1653	6/23/2022	19:27:54	956965	150.4	43	88	63.0624	-145.97859
1654	6/23/2022	19:27:56	859083	150.4	91	119	63.06196	-145.97949
1655	6/23/2022	19:27:57	110912	150.4	46	116	63.06196	-145.97949
1656	6/23/2022	19:27:57	244373	150.4	87	135	63.06196	-145.97949
1657	6/23/2022	19:27:57	577504	150.4	999	104	63.06168	-145.97979
1658	6/23/2022	19:27:58	423333	150.4	94	118	63.06139	-145.97998
1659	6/23/2022	19:27:59	417349	150.4	999	87	63.06107	-145.98006
1660	6/23/2022	19:28:02	578304	150.4	999	94	63.06011	-145.97972
1661	6/23/2022	19:28:07	246816	150.4	87	84	63.0589	-145.9786
1662	6/23/2022	19:28:07	578224	150.4	183	153	63.05859	-145.97832
1663	6/23/2022	19:28:21	811840	150.4	92	99	63.05449	-145.98025
1664	6/23/2022	19:28:27	312208	150.4	92	122	63.05367	-145.98387
1665	6/23/2022	19:28:32	812640	150.4	92	154	63.0526	-145.98657
1666	6/23/2022	19:28:38	313712	150.4	92	100	63.05144	-145.98923
1667	6/23/2022	19:28:40	848315	150.4	47	123	63.05106	-145.99112
1668	6/23/2022	19:28:45	848613	150.4	47	151	63.05126	-145.99394
1669	6/23/2022	19:28:55	849675	150.4	47	105	63.05316	-145.99453
1670	6/23/2022	19:29:12	253317	150.4	87	102	63.05559	-145.98876
1671	6/23/2022	19:29:12	797659	150.4	84	87	63.05577	-145.98848
1672	6/23/2022	19:29:13	869605	150.4	91	85	63.05594	-145.98818
1673	6/23/2022	19:29:15	434987	150.4	94	82	63.05628	-145.98755
1674	6/23/2022	19:29:17	253899	150.4	87	105	63.05644	-145.98723
1675	6/23/2022	19:29:19	369456	150.4	91	94	63.05697	-145.9863
1676	6/23/2022	19:29:19	738085	150.4	49	99	63.05697	-145.9863
1677	6/23/2022	19:29:20	932997	150.4	94	111	63.05715	-145.98601
1678	6/23/2022	19:29:22	255323	150.4	87	83	63.05733	-145.98572
1679	6/23/2022	19:29:24	869787	150.4	999	96	63.05785	-145.98486
1680	6/23/2022	19:29:26	433680	150.4	94	107	63.05818	-145.98428
1681	6/23/2022	19:29:27	254843	150.4	87	109	63.05818	-145.98428
1682	6/23/2022	19:29:27	798901	150.4	999	91	63.05834	-145.98397
1683	6/23/2022	19:29:29	739067	150.4	49	117	63.05866	-145.98332
1684	6/23/2022	19:29:31	934491	150.4	94	98	63.05898	-145.98261
1685	6/23/2022	19:29:32	255781	150.4	87	93	63.05898	-145.98261
1686	6/23/2022	19:29:32	588272	150.4	183	120	63.05914	-145.98225
1687	6/23/2022	19:29:32	899120	150.4	96	86	63.05914	-145.98225
1688	6/23/2022	19:29:37	589136	150.4	183	101	63.05999	-145.98059
1689	6/23/2022	19:29:38	399493	150.4	96	85	63.06017	-145.98026
1690	6/23/2022	19:29:39	740411	150.4	49	111	63.06036	-145.97995
1691	6/23/2022	19:29:39	969979	150.4	43	86	63.06036	-145.97995
1692	6/23/2022	19:29:42	123296	150.4	46	102	63.06075	-145.97932
1693	6/23/2022	19:29:42	257184	150.4	87	91	63.06094	-145.97901
1694	6/23/2022	19:29:42	718917	150.4	93	102	63.06094	-145.97901
1695	6/23/2022	19:29:44	740773	150.4	49	113	63.06133	-145.97834
1696	6/23/2022	19:29:47	257819	150.4	87	89	63.0617	-145.97764
1697	6/23/2022	19:29:58	935312	150.4	66	92	63.0641	-145.97506
1698	6/23/2022	19:29:59	255216	150.4	61	102	63.0641	-145.97506
1699	6/23/2022	19:30:08	721515	150.4	999	111	63.0661	-145.97265
1700	6/23/2022	19:30:09	256421	150.4	61	109	63.0661	-145.97265
1701	6/23/2022	19:30:10	939051	150.4	70	96	63.06644	-145.97195
1702	6/23/2022	19:30:15	175061	150.4	74	93	63.06706	-145.97039
1703	6/23/2022	19:30:19	72891	150.4	999	104	63.06773	-145.96906
1704	6/23/2022	19:30:19	259488	150.4	61	80	63.06773	-145.96906
1705	6/23/2022	19:30:19	870229	150.4	78	110	63.06792	-145.9688
1706	6/23/2022	19:30:20	675387	150.4	74	108	63.06811	-145.96859
1707	6/23/2022	19:30:20	943253	150.4	70	78	63.06811	-145.96859
1708	6/23/2022	19:30:21	638672	150.4	188	104	63.06831	-145.96842
1709	6/23/2022	19:30:23	550064	150.4	75	91	63.06873	-145.96818
1710	6/23/2022	19:30:23	938053	150.4	999	108	63.06873	-145.96818
1711	6/23/2022	19:30:24	563563	150.4	72	104	63.06895	-145.9681
1712	6/23/2022	19:30:25	371445	150.4	999	101	63.06916	-145.96804
1713	6/23/2022	19:30:26	175925	150.4	999	107	63.06916	-145.96804
1714	6/23/2022	19:30:26	639045	150.4	188	114	63.06938	-145.96797
1715	6/23/2022	19:30:29	79008	150.4	999	89	63.0698	-145.96783
1716	6/23/2022	19:30:29	258939	150.4	61	86	63.0698	-145.96783
1717	6/23/2022	19:30:29	800288	150.4	80	112	63.07001	-145.96774
1718	6/23/2022	19:30:30	64443	150.4	999	95	63.07001	-145.96774
1719	6/23/2022	19:30:31	676400	150.4	999	155	63.07042	-145.96755
1720	6/23/2022	19:30:33	939237	150.4	66	97	63.07083	-145.96736
1721	6/23/2022	19:30:36	372357	150.4	78	106	63.07146	-145.9672
1722	6/23/2022	19:30:36	640032	150.4	188	128	63.07146	-145.9672
1723	6/23/2022	19:30:37	177003	150.4	74	147	63.07146	-145.9672
1724	6/23/2022	19:30:38	943189	150.4	999	80	63.07188	-145.96722
1725	6/23/2022	19:30:40	249120	150.4	73	94	63.07208	-145.96729
1726	6/23/2022	19:30:40	802832	150.4	80	87	63.07228	-145.9674
1727	6/23/2022	19:30:42	677883	150.4	74	108	63.07266	-145.96776
1728	6/23/2022	19:30:43	276576	150.4	69	86	63.07284	-145.96801
1729	6/23/2022	19:30:46	249552	150.4	999	82	63.07332	-145.96903
1730	6/23/2022	19:30:46	566309	150.4	72	95	63.07332	-145.96903
1731	6/23/2022	19:30:48	941264	150.4	999	87	63.07355	-145.96993
1732	6/23/2022	19:30:58	942181	150.4	66	104	63.07288	-145.97552
1733	6/23/2022	19:31:00	190517	150.4	50	93	63.07261	-145.97593
1734	6/23/2022	19:31:02	55157	150.4	75	84	63.07198	-145.97649
1735	6/23/2022	19:31:03	942443	150.4	999	108	63.07131	-145.9768
1736	6/23/2022	19:31:04	263797	150.4	61	84	63.07131	-145.9768
1737	6/23/2022	19:31:09	283456	150.4	999	130	63.06958	-145.97647
1738	6/23/2022	19:31:14	263477	150.4	61	149	63.06834	-145.97418
1739	6/23/2022	19:31:19	264155	150.4	61	111	63.06785	-145.97124
1740	6/23/2022	19:31:20	377301	150.4	78	102	63.06795	-145.97015
1741	6/23/2022	19:31:21	183173	150.4	74	90	63.06795	-145.97015
1742	6/23/2022	19:31:23	945845	150.4	66	82	63.06831	-145.9688
1743	6/23/2022	19:31:24	806917	150.4	80	95	63.06848	-145.96847
1744	6/23/2022	19:31:25	877781	150.4	78	132	63.06867	-145.96823
1745	6/23/2022	19:31:26	682981	150.4	999	138	63.06886	-145.96806
1746	6/23/2022	19:31:29	80784	150.4	999	111	63.06927	-145.96794
1747	6/23/2022	19:31:30	193248	150.4	50	105	63.06948	-145.96796
1748	6/23/2022	19:31:30	947733	150.4	70	96	63.06969	-145.96801
1749	6/23/2022	19:31:31	378235	150.4	999	120	63.06991	-145.96807
1750	6/23/2022	19:31:31	645808	150.4	188	113	63.06991	-145.96807
1751	6/23/2022	19:31:32	183669	150.4	74	131	63.06991	-145.96807
1752	6/23/2022	19:31:34	90005	150.4	86	77	63.07034	-145.96815
1753	6/23/2022	19:31:35	57504	150.4	999	102	63.07055	-145.96816
1754	6/23/2022	19:31:36	71525	150.4	999	128	63.07077	-145.96817
1755	6/23/2022	19:31:36	879035	150.4	999	109	63.07098	-145.96815
1756	6/23/2022	19:31:37	684363	150.4	74	161	63.07119	-145.96813
1757	6/23/2022	19:31:39	87461	150.4	86	98	63.0714	-145.9681
1758	6/23/2022	19:31:40	194576	150.4	50	108	63.0716	-145.96805
1759	6/23/2022	19:31:40	557957	150.4	75	106	63.0718	-145.96799
1760	6/23/2022	19:31:41	308464	150.4	80	122	63.072	-145.96789
1761	6/23/2022	19:31:41	573163	150.4	72	93	63.072	-145.96789
1762	6/23/2022	19:31:42	379552	150.4	78	109	63.07219	-145.96775
1763	6/23/2022	19:31:43	185483	150.4	74	100	63.07219	-145.96775
1764	6/23/2022	19:31:43	948069	150.4	66	87	63.07238	-145.96757
1765	6/23/2022	19:31:46	254528	150.4	73	90	63.07272	-145.96703
1766	6/23/2022	19:31:46	809168	150.4	999	117	63.07289	-145.96672
1767	6/23/2022	19:31:47	74059	150.4	72	87	63.07289	-145.96672
1768	6/23/2022	19:31:48	689088	150.4	74	80	63.07319	-145.96605
1769	6/23/2022	19:31:50	982304	150.4	62	148	63.0735	-145.96535
1770	6/23/2022	19:31:51	256176	150.4	81	86	63.07366	-145.965
1771	6/23/2022	19:31:51	756688	150.4	73	115	63.07366	-145.965
1772	6/23/2022	19:31:53	284613	150.4	999	86	63.07398	-145.96431
1773	6/23/2022	19:31:53	558203	150.4	999	136	63.07398	-145.96431
1774	6/23/2022	19:31:55	983008	150.4	62	129	63.0743	-145.96367
1775	6/23/2022	19:31:56	255413	150.4	81	101	63.07447	-145.96337
1776	6/23/2022	19:31:57	258000	150.4	73	91	63.07447	-145.96337
1777	6/23/2022	19:31:58	284197	150.4	999	106	63.07482	-145.96284
1778	6/23/2022	19:31:58	559248	150.4	999	92	63.07482	-145.96284
1779	6/23/2022	19:32:00	983669	150.4	62	113	63.07519	-145.96245
1780	6/23/2022	19:32:01	255851	150.4	81	105	63.07538	-145.96231
1781	6/23/2022	19:32:02	758064	150.4	73	106	63.07558	-145.96221
1782	6/23/2022	19:32:03	537717	150.4	89	129	63.07578	-145.96214
1783	6/23/2022	19:32:05	984357	150.4	62	104	63.07618	-145.9621
1784	6/23/2022	19:32:08	259659	150.4	73	85	63.07659	-145.96214
1785	6/23/2022	19:32:10	986565	150.4	62	83	63.07719	-145.96218
1786	6/23/2022	19:32:11	257291	150.4	81	107	63.07739	-145.96218
1787	6/23/2022	19:32:19	269163	150.4	76	105	63.07901	-145.96157
1788	6/23/2022	19:32:24	770379	150.4	76	100	63.07995	-145.96242
1789	6/23/2022	19:32:36	260091	150.4	81	102	63.07871	-145.96845
1790	6/23/2022	19:32:37	240517	150.4	71	83	63.07838	-145.96862
1791	6/23/2022	19:32:41	11685	150.4	999	83	63.07733	-145.96853
1792	6/23/2022	19:32:41	116560	150.4	999	108	63.07733	-145.96853
1793	6/23/2022	19:32:41	653221	150.4	188	96	63.077	-145.96832
1794	6/23/2022	19:32:43	290597	150.4	69	86	63.07638	-145.96762
1795	6/23/2022	19:32:43	956005	150.4	999	80	63.07638	-145.96762
1796	6/23/2022	19:32:44	274427	150.4	61	92	63.07638	-145.96762
1797	6/23/2022	19:32:45	988709	150.4	62	155	63.07586	-145.96667
1798	6/23/2022	19:32:46	261595	150.4	81	89	63.07562	-145.96614
1799	6/23/2022	19:32:46	763504	150.4	73	110	63.07562	-145.96614
1800	6/23/2022	19:32:48	564837	150.4	999	112	63.07513	-145.96507
1801	6/23/2022	19:32:50	989189	150.4	62	138	63.07462	-145.96402
1802	6/23/2022	19:32:51	654053	150.4	188	106	63.07436	-145.96352
1803	6/23/2022	19:32:53	290592	150.4	69	107	63.07382	-145.96255
1804	6/23/2022	19:32:53	888811	150.4	78	83	63.07382	-145.96255
1805	6/23/2022	19:32:54	693669	150.4	74	115	63.07356	-145.96207
1806	6/23/2022	19:32:56	654640	150.4	188	107	63.07305	-145.96109
1807	6/23/2022	19:32:58	317557	150.4	80	95	63.07265	-145.95998
1808	6/23/2022	19:32:59	389029	150.4	78	89	63.0725	-145.95937
1809	6/23/2022	19:33:00	195888	150.4	74	82	63.0725	-145.95937
1810	6/23/2022	19:33:11	699632	150.4	65	91	63.07363	-145.95436
1811	6/23/2022	19:33:13	546368	150.4	89	88	63.07411	-145.95425
1812	6/23/2022	19:33:19	776880	150.4	76	94	63.07555	-145.9537
1813	6/23/2022	19:33:36	278299	150.4	76	110	63.07921	-145.95614
1814	6/23/2022	19:33:41	778816	150.4	76	138	63.08026	-145.9563
1815	6/23/2022	19:33:47	279504	150.4	76	192	63.08138	-145.95517
1816	6/23/2022	19:33:52	780395	150.4	76	127	63.08239	-145.95474
1817	6/23/2022	19:34:08	917312	150.4	22	79	63.08562	-145.9527
1818	6/23/2022	19:34:20	915749	150.4	22	112	63.08785	-145.95034
1819	6/23/2022	19:34:26	916213	150.4	22	151	63.08904	-145.95162
1820	6/23/2022	19:34:32	917264	150.4	22	112	63.08956	-145.95473
1821	6/23/2022	19:34:47	787008	150.4	76	98	63.08596	-145.95873
1822	6/23/2022	19:35:02	920432	150.4	22	116	63.0863	-145.9527
1823	6/23/2022	19:35:08	921269	150.4	22	116	63.08765	-145.95267
1824	6/23/2022	19:35:14	921781	150.4	22	164	63.08902	-145.95276
1825	6/23/2022	19:35:18	727056	150.4	24	99	63.08991	-145.95268
1826	6/23/2022	19:35:20	922459	150.4	22	128	63.09035	-145.95273
1827	6/23/2022	19:35:36	728656	150.4	24	133	63.09377	-145.95365
1828	6/23/2022	19:35:39	46347	150.4	67	92	63.09419	-145.95329
1829	6/23/2022	19:35:42	729413	150.4	24	114	63.09502	-145.95258
1830	6/23/2022	19:35:49	47205	150.4	67	140	63.09628	-145.95276
1831	6/23/2022	19:35:54	47419	150.4	67	140	63.09722	-145.95456
1832	6/23/2022	19:36:06	312693	150.4	12	99	63.0995	-145.95867
1833	6/23/2022	19:36:12	813872	150.4	12	88	63.10081	-145.96
1834	6/23/2022	19:36:17	362251	150.4	31	114	63.10182	-145.96139
1835	6/23/2022	19:36:23	863653	150.4	31	95	63.10302	-145.96292
1836	6/23/2022	19:36:30	363904	150.4	31	109	63.10456	-145.96435
1837	6/23/2022	19:36:36	864560	150.4	31	119	63.10588	-145.96512
1838	6/23/2022	19:36:38	816891	150.4	12	87	63.1063	-145.96526
1839	6/23/2022	19:36:42	893915	150.4	19	94	63.10717	-145.96537
1840	6/23/2022	19:36:48	540853	150.4	6	111	63.10855	-145.96476
1841	6/23/2022	19:36:49	394555	150.4	19	104	63.10877	-145.96455
1842	6/23/2022	19:36:50	432677	150.4	26	92	63.10899	-145.96432
1843	6/23/2022	19:36:51	808203	150.4	17	89	63.1092	-145.96408
1844	6/23/2022	19:36:55	895045	150.4	19	119	63.11005	-145.96336
1845	6/23/2022	19:36:56	433104	150.4	26	104	63.11028	-145.96332
1846	6/23/2022	19:37:00	542459	150.4	6	103	63.11118	-145.96387
1847	6/23/2022	19:37:02	467557	150.4	999	85	63.1116	-145.96448
1848	6/23/2022	19:37:06	593941	150.4	999	84	63.11238	-145.96582
1849	6/23/2022	19:37:08	434384	150.4	26	135	63.11276	-145.96644
1850	6/23/2022	19:37:08	896224	150.4	19	149	63.11276	-145.96644
1851	6/23/2022	19:37:12	543408	150.4	6	173	63.11357	-145.96737
1852	6/23/2022	19:37:13	93851	150.4	33	90	63.11357	-145.96737
1853	6/23/2022	19:37:14	434805	150.4	26	191	63.114	-145.96769
1854	6/23/2022	19:37:15	396955	150.4	19	135	63.11422	-145.96782
1855	6/23/2022	19:37:18	544293	150.4	6	121	63.1149	-145.96796
1856	6/23/2022	19:37:19	593925	150.4	33	146	63.11513	-145.96792
1857	6/23/2022	19:37:21	897909	150.4	19	108	63.11557	-145.96775
1858	6/23/2022	19:37:24	545573	150.4	6	95	63.11619	-145.96738
1859	6/23/2022	19:37:24	848757	150.4	7	97	63.11619	-145.96738
1860	6/23/2022	19:37:26	95147	150.4	33	123	63.11639	-145.96726
1861	6/23/2022	19:37:41	656069	150.4	9	106	63.11971	-145.96968
1862	6/23/2022	19:37:42	850421	150.4	7	110	63.11991	-145.96994
1863	6/23/2022	19:37:47	656741	150.4	9	123	63.12097	-145.97088
1864	6/23/2022	19:37:48	851040	150.4	7	113	63.12119	-145.97098
1865	6/23/2022	19:37:53	657376	150.4	9	143	63.1223	-145.97123
1866	6/23/2022	19:37:54	851904	150.4	7	126	63.12253	-145.97122
1867	6/23/2022	19:37:59	658128	150.4	9	109	63.12365	-145.97093
1868	6/23/2022	19:38:05	659755	150.4	9	90	63.12493	-145.97056
1869	6/23/2022	19:38:09	924272	150.4	5	95	63.12583	-145.97076
1870	6/23/2022	19:38:12	979797	150.4	4	90	63.12651	-145.97116
1871	6/23/2022	19:38:15	238464	150.4	25	102	63.12718	-145.97163
1872	6/23/2022	19:38:15	924475	150.4	5	107	63.12718	-145.97163
1873	6/23/2022	19:38:18	979664	150.4	4	105	63.12786	-145.97215
1874	6/23/2022	19:38:21	925013	150.4	5	131	63.12853	-145.97252
1875	6/23/2022	19:38:23	275477	150.4	10	98	63.12876	-145.97258
1876	6/23/2022	19:38:23	982075	150.4	11	81	63.12899	-145.9726
1877	6/23/2022	19:38:24	979861	150.4	4	153	63.12922	-145.9726
1878	6/23/2022	19:38:27	925867	150.4	5	122	63.12992	-145.97255
1879	6/23/2022	19:38:29	275701	150.4	10	125	63.13015	-145.97253
1880	6/23/2022	19:38:30	480416	150.4	11	113	63.13059	-145.97251
1881	6/23/2022	19:38:31	492128	150.4	8	83	63.13081	-145.9725
1882	6/23/2022	19:38:33	926288	150.4	5	170	63.13122	-145.97238
1883	6/23/2022	19:38:35	276357	150.4	10	168	63.13142	-145.97224
1884	6/23/2022	19:38:36	981333	150.4	11	124	63.1318	-145.97187
1885	6/23/2022	19:38:37	702805	150.4	36	107	63.13199	-145.97162
1886	6/23/2022	19:38:39	24955	150.4	23	89	63.13216	-145.97135
1887	6/23/2022	19:38:39	240715	150.4	999	181	63.13216	-145.97135
1888	6/23/2022	19:38:39	927077	150.4	5	141	63.13234	-145.97105
1889	6/23/2022	19:38:41	277157	150.4	10	122	63.13252	-145.97075
1890	6/23/2022	19:38:44	203152	150.4	999	141	63.13306	-145.96986
1891	6/23/2022	19:38:45	25445	150.4	23	100	63.13323	-145.96956
1892	6/23/2022	19:38:45	927941	150.4	5	109	63.1334	-145.96925
1893	6/23/2022	19:38:46	352464	150.4	16	85	63.13357	-145.96892
1894	6/23/2022	19:38:47	677488	150.4	27	104	63.13372	-145.96855
1895	6/23/2022	19:38:48	178336	150.4	1	87	63.13372	-145.96855
1896	6/23/2022	19:38:49	492277	150.4	8	139	63.13399	-145.96775
1897	6/23/2022	19:38:49	982821	150.4	11	105	63.13399	-145.96775
1898	6/23/2022	19:38:50	703584	150.4	36	186	63.13412	-145.96734
1899	6/23/2022	19:38:51	337072	150.4	18	85	63.13412	-145.96734
1900	6/23/2022	19:38:53	280341	150.4	999	82	63.13434	-145.96648
1901	6/23/2022	19:38:53	679952	150.4	27	86	63.13446	-145.96606
1902	6/23/2022	19:38:54	178811	150.4	1	91	63.13446	-145.96606
1903	6/23/2022	19:38:57	837141	150.4	18	97	63.13489	-145.9643
1904	6/23/2022	19:38:59	282267	150.4	999	80	63.13497	-145.96383
1905	6/23/2022	19:38:59	678763	150.4	27	122	63.13504	-145.96334
1906	6/23/2022	19:39:00	179115	150.4	1	105	63.13504	-145.96334
1907	6/23/2022	19:39:01	494549	150.4	8	93	63.13515	-145.96235
1908	6/23/2022	19:39:02	884357	150.4	3	90	63.13518	-145.96185
1909	6/23/2022	19:39:03	26885	150.4	23	121	63.13518	-145.96185
1910	6/23/2022	19:39:04	337216	150.4	18	113	63.13521	-145.96135
1911	6/23/2022	19:39:05	679707	150.4	999	100	63.13527	-145.96033
1912	6/23/2022	19:39:06	180213	150.4	1	94	63.13527	-145.96033
1913	6/23/2022	19:39:07	568411	150.4	40	104	63.13533	-145.9593
1914	6/23/2022	19:39:10	206800	150.4	36	92	63.13542	-145.95831
1915	6/23/2022	19:39:10	838208	150.4	18	99	63.13548	-145.95785
1916	6/23/2022	19:39:11	681184	150.4	27	90	63.13555	-145.95742
1917	6/23/2022	19:39:16	620240	150.4	15	89	63.13611	-145.95561
1918	6/23/2022	19:39:17	339461	150.4	18	98	63.13611	-145.95561
1919	6/23/2022	19:39:17	681227	150.4	27	99	63.13626	-145.9553
1920	6/23/2022	19:39:21	224256	150.4	35	89	63.13678	-145.95454
1921	6/23/2022	19:39:23	839861	150.4	18	95	63.1374	-145.95417
1922	6/23/2022	19:39:27	29872	150.4	23	101	63.13807	-145.95434
1923	6/23/2022	19:39:27	724064	150.4	35	119	63.1383	-145.95453
1924	6/23/2022	19:39:29	620768	150.4	15	119	63.13872	-145.9551
1925	6/23/2022	19:39:30	340096	150.4	18	108	63.13872	-145.9551
1926	6/23/2022	19:39:31	856496	150.4	16	105	63.13907	-145.95597
1927	6/23/2022	19:39:32	888475	150.4	999	81	63.1392	-145.95651
1928	6/23/2022	19:39:33	612923	150.4	29	131	63.13931	-145.95709
1929	6/23/2022	19:39:34	224976	150.4	35	105	63.13931	-145.95709
1930	6/23/2022	19:39:34	406080	150.4	39	93	63.13938	-145.95771
1931	6/23/2022	19:39:35	182277	150.4	30	108	63.13938	-145.95771
1932	6/23/2022	19:39:35	682981	150.4	27	125	63.13943	-145.95837
1933	6/23/2022	19:39:36	177264	150.4	999	91	63.13943	-145.95837
1934	6/23/2022	19:39:36	840560	150.4	18	123	63.13944	-145.95905
1935	6/23/2022	19:39:38	356912	150.4	16	174	63.1394	-145.96045
1936	6/23/2022	19:39:38	887915	150.4	3	109	63.1394	-145.96045
1937	6/23/2022	19:39:39	30928	150.4	23	180	63.1394	-145.96045
1938	6/23/2022	19:39:41	183120	150.4	30	115	63.13925	-145.96186
1939	6/23/2022	19:39:41	683877	150.4	27	121	63.13912	-145.96254
1940	6/23/2022	19:39:42	183643	150.4	1	122	63.13912	-145.96254
1941	6/23/2022	19:39:42	468000	150.4	999	114	63.13896	-145.96319
1942	6/23/2022	19:39:43	341840	150.4	18	93	63.13896	-145.96319
1943	6/23/2022	19:39:43	498875	150.4	8	144	63.13878	-145.9638
1944	6/23/2022	19:39:45	276272	150.4	28	85	63.13832	-145.96487
1945	6/23/2022	19:39:47	285435	150.4	10	91	63.13776	-145.96562
1946	6/23/2022	19:39:49	210565	150.4	999	132	63.13745	-145.96584
1947	6/23/2022	19:39:49	499621	150.4	8	122	63.13712	-145.96596
1948	6/23/2022	19:39:51	359285	150.4	16	91	63.13647	-145.96588
1949	6/23/2022	19:39:51	937675	150.4	5	79	63.13647	-145.96588
1950	6/23/2022	19:39:53	285392	150.4	10	104	63.13585	-145.96555
1951	6/23/2022	19:39:55	500629	150.4	999	98	63.13524	-145.96511
1952	6/23/2022	19:39:56	343765	150.4	18	95	63.13493	-145.96488
1953	6/23/2022	19:39:57	34080	150.4	23	86	63.13493	-145.96488
1954	6/23/2022	19:40:03	34645	150.4	23	85	63.13296	-145.96424
1955	6/23/2022	19:40:03	936789	150.4	5	111	63.13262	-145.96425
1956	6/23/2022	19:40:06	993483	150.4	4	82	63.13164	-145.9645
1957	6/23/2022	19:40:09	938299	150.4	5	88	63.13064	-145.96512
1958	6/23/2022	19:40:12	992651	150.4	999	90	63.12964	-145.96586
1959	6/23/2022	19:40:23	674533	150.4	9	114	63.12614	-145.96588
1960	6/23/2022	19:40:24	868757	150.4	7	128	63.1259	-145.9655
1961	6/23/2022	19:40:42	264464	150.4	20	108	63.12768	-145.96136
1962	6/23/2022	19:40:43	783104	150.4	38	89	63.12792	-145.96143
1963	6/23/2022	19:40:48	764811	150.4	20	130	63.12906	-145.96137
1964	6/23/2022	19:40:53	693323	150.4	27	88	63.13013	-145.96086
1965	6/23/2022	19:40:54	218336	150.4	36	96	63.13013	-145.96086
1966	6/23/2022	19:40:56	366976	150.4	16	88	63.13077	-145.96048
1967	6/23/2022	19:40:56	783451	150.4	38	117	63.13077	-145.96048
1968	6/23/2022	19:41:00	719253	150.4	36	99	63.13161	-145.95994
1969	6/23/2022	19:41:03	284437	150.4	999	110	63.13201	-145.95962
1970	6/23/2022	19:41:07	220005	150.4	36	100	63.1328	-145.9589
1971	6/23/2022	19:41:10	252107	150.4	132	93	63.13368	-145.95838
1972	6/23/2022	19:41:11	82971	150.4	40	97	63.13368	-145.95838
1973	6/23/2022	19:41:11	694501	150.4	27	110	63.13392	-145.95831
1974	6/23/2022	19:41:12	195248	150.4	1	87	63.13392	-145.95831
1975	6/23/2022	19:41:13	504187	150.4	999	109	63.13437	-145.95819
1976	6/23/2022	19:41:13	720629	150.4	999	114	63.13437	-145.95819
1977	6/23/2022	19:41:14	351504	150.4	18	98	63.13458	-145.95811
1978	6/23/2022	19:41:15	42283	150.4	23	107	63.13458	-145.95811
1979	6/23/2022	19:41:17	194555	150.4	30	90	63.135	-145.95785
1980	6/23/2022	19:41:17	695387	150.4	999	96	63.13521	-145.95772
1981	6/23/2022	19:41:18	195467	150.4	1	92	63.13521	-145.95772
1982	6/23/2022	19:41:21	43643	150.4	23	88	63.13585	-145.95752
1983	6/23/2022	19:41:23	196347	150.4	30	82	63.1363	-145.95762
1984	6/23/2022	19:41:23	695733	150.4	27	108	63.13652	-145.95777
1985	6/23/2022	19:41:24	195408	150.4	1	104	63.13652	-145.95777
1986	6/23/2022	19:41:26	634549	150.4	15	97	63.1372	-145.95856
1987	6/23/2022	19:41:26	901157	150.4	3	95	63.1372	-145.95856
1988	6/23/2022	19:41:27	44133	150.4	23	90	63.1372	-145.95856
1989	6/23/2022	19:41:28	869707	150.4	16	123	63.13762	-145.95927
1990	6/23/2022	19:41:29	195280	150.4	30	138	63.13762	-145.95927
1991	6/23/2022	19:41:29	696208	150.4	27	171	63.13782	-145.95964
1992	6/23/2022	19:41:30	195872	150.4	1	150	63.13782	-145.95964
1993	6/23/2022	19:41:31	238187	150.4	35	99	63.13803	-145.95999
1994	6/23/2022	19:41:33	853141	150.4	18	162	63.13869	-145.96085
1995	6/23/2022	19:41:35	196309	150.4	30	103	63.13893	-145.96104
1996	6/23/2022	19:41:35	696917	150.4	27	147	63.13917	-145.96118
1997	6/23/2022	19:41:36	196507	150.4	1	140	63.13917	-145.96118
1998	6/23/2022	19:41:38	901851	150.4	3	149	63.13987	-145.96132
1999	6/23/2022	19:41:39	44779	150.4	23	127	63.13987	-145.96132
2000	6/23/2022	19:41:40	354747	150.4	18	90	63.14034	-145.96124
2001	6/23/2022	19:41:41	198624	150.4	30	80	63.14034	-145.96124
2002	6/23/2022	19:41:41	698341	150.4	999	92	63.14056	-145.96117
2003	6/23/2022	19:41:44	421371	150.4	39	90	63.14119	-145.96082
2004	6/23/2022	19:41:44	902688	150.4	3	142	63.14119	-145.96082
2005	6/23/2022	19:41:45	46053	150.4	23	94	63.14119	-145.96082
2006	6/23/2022	19:41:50	903392	150.4	3	136	63.14228	-145.95938
2007	6/23/2022	19:41:51	46869	150.4	23	100	63.14228	-145.95938
2008	6/23/2022	19:41:57	422149	150.4	39	107	63.14369	-145.95797
2009	6/23/2022	19:42:03	922784	150.4	39	152	63.145	-145.95682
2010	6/23/2022	19:42:10	423680	150.4	39	108	63.146	-145.95394
2011	6/23/2022	19:42:16	924971	150.4	39	91	63.14694	-145.95206
2012	6/23/2022	19:42:23	425595	150.4	39	96	63.14837	-145.95109
2013	6/23/2022	19:42:32	271744	150.4	2	133	63.1503	-145.95081
2014	6/23/2022	19:46:02	295184	150.4	2	114	63.15285	-145.9505
2015	6/23/2022	19:46:04	452677	150.4	39	84	63.15188	-145.95108
2016	6/23/2022	19:46:08	295813	150.4	2	160	63.15091	-145.95153
2017	6/23/2022	19:46:14	296576	150.4	2	97	63.14903	-145.95231
2018	6/23/2022	19:46:17	452336	150.4	39	116	63.14777	-145.95287
2019	6/23/2022	19:46:26	936288	150.4	3	104	63.14509	-145.9555
2020	6/23/2022	19:46:30	453888	150.4	39	111	63.14399	-145.95739
2021	6/23/2022	19:46:32	936821	150.4	3	134	63.14339	-145.95816
2022	6/23/2022	19:46:34	403973	150.4	16	99	63.14279	-145.95885
2023	6/23/2022	19:46:35	230976	150.4	30	98	63.14279	-145.95885
2024	6/23/2022	19:46:35	732789	150.4	27	94	63.14248	-145.95917
2025	6/23/2022	19:46:36	231061	150.4	1	93	63.14248	-145.95917
2026	6/23/2022	19:46:38	937376	150.4	3	153	63.14151	-145.95994
2027	6/23/2022	19:46:39	79291	150.4	23	142	63.14151	-145.95994
2028	6/23/2022	19:46:40	904267	150.4	16	130	63.14084	-145.96014
2029	6/23/2022	19:46:41	231563	150.4	30	110	63.14084	-145.96014
2030	6/23/2022	19:46:41	732811	150.4	27	132	63.14051	-145.96013
2031	6/23/2022	19:46:42	231307	150.4	1	120	63.14051	-145.96013
2032	6/23/2022	19:46:43	272917	150.4	35	101	63.14019	-145.96004
2033	6/23/2022	19:46:43	550699	150.4	8	94	63.13988	-145.9599
2034	6/23/2022	19:46:44	939648	150.4	3	86	63.13958	-145.95971
2035	6/23/2022	19:46:45	79541	150.4	999	107	63.13958	-145.95971
2036	6/23/2022	19:46:45	663515	150.4	29	118	63.13929	-145.95947
2037	6/23/2022	19:46:45	886693	150.4	18	155	63.13929	-145.95947
2038	6/23/2022	19:46:47	232240	150.4	30	104	63.139	-145.95926
2039	6/23/2022	19:46:51	760533	150.4	36	89	63.1374	-145.95916
2040	6/23/2022	19:46:52	387168	150.4	18	123	63.13707	-145.95939
2041	6/23/2022	19:46:53	234005	150.4	30	82	63.13707	-145.95939
2042	6/23/2022	19:46:53	734816	150.4	999	100	63.13676	-145.95971
2043	6/23/2022	19:46:54	233387	150.4	1	94	63.13676	-145.95971
2044	6/23/2022	19:46:57	323696	150.4	28	117	63.13573	-145.96172
2045	6/23/2022	19:46:59	736917	150.4	27	82	63.13534	-145.96298
2046	6/23/2022	19:47:01	551973	150.4	8	151	63.13503	-145.96432
2047	6/23/2022	19:47:03	83733	150.4	23	79	63.13489	-145.965
2048	6/23/2022	19:47:03	324165	150.4	28	167	63.13475	-145.96569
2049	6/23/2022	19:47:04	760976	150.4	36	143	63.1346	-145.96637
2050	6/23/2022	19:47:07	552939	150.4	8	105	63.1341	-145.96834
2051	6/23/2022	19:47:09	325125	150.4	28	102	63.13368	-145.96956
2052	6/23/2022	19:47:09	985120	150.4	5	107	63.13368	-145.96956
2053	6/23/2022	19:47:10	540971	150.4	11	133	63.13346	-145.97012
2054	6/23/2022	19:47:11	377547	150.4	999	80	63.13321	-145.97066
2055	6/23/2022	19:47:15	300043	150.4	25	151	63.13206	-145.9722
2056	6/23/2022	19:47:15	985579	150.4	5	146	63.13206	-145.9722
2057	6/23/2022	19:47:17	41573	150.4	11	103	63.13173	-145.97241
2058	6/23/2022	19:47:17	335211	150.4	10	140	63.1314	-145.97255
2059	6/23/2022	19:47:19	39003	150.4	4	124	63.13107	-145.97265
2060	6/23/2022	19:47:21	987403	150.4	5	88	63.13005	-145.97266
2061	6/23/2022	19:47:31	41621	150.4	999	85	63.12729	-145.9705
2062	6/23/2022	19:47:35	723296	150.4	9	121	63.12573	-145.96941
2063	6/23/2022	19:47:36	918992	150.4	7	87	63.12539	-145.96929
2064	6/23/2022	19:47:41	723952	150.4	9	132	63.12369	-145.96934
2065	6/23/2022	19:47:42	918656	150.4	7	133	63.12336	-145.96943
2066	6/23/2022	19:47:48	618080	150.4	6	103	63.1214	-145.97005
2067	6/23/2022	19:47:48	919419	150.4	7	124	63.1214	-145.97005
2068	6/23/2022	19:47:50	506928	150.4	26	90	63.12072	-145.97024
2069	6/23/2022	19:47:56	668683	150.4	999	92	63.11877	-145.97024
2070	6/23/2022	19:47:58	972667	150.4	19	90	63.11815	-145.96992
2071	6/23/2022	19:48:00	620027	150.4	6	89	63.11753	-145.96954
2072	6/23/2022	19:48:02	507819	150.4	26	101	63.1169	-145.96913
2073	6/23/2022	19:48:03	168661	150.4	33	144	63.1169	-145.96913
2074	6/23/2022	19:48:06	619643	150.4	6	115	63.11562	-145.96823
2075	6/23/2022	19:48:08	508261	150.4	26	170	63.11498	-145.96783
2076	6/23/2022	19:48:09	670960	150.4	33	86	63.11466	-145.96764
2077	6/23/2022	19:48:11	973968	150.4	19	182	63.11402	-145.96733
2078	6/23/2022	19:48:12	620395	150.4	6	116	63.11369	-145.96718
2079	6/23/2022	19:48:14	510096	150.4	26	86	63.11302	-145.96687
2080	6/23/2022	19:48:18	478069	150.4	19	81	63.11172	-145.96613
2081	6/23/2022	19:48:20	886197	150.4	17	91	63.11109	-145.96577
2082	6/23/2022	19:48:31	946352	150.4	31	128	63.10739	-145.96542
2083	6/23/2022	19:48:38	447173	150.4	31	169	63.10496	-145.96605
2084	6/23/2022	19:48:44	948341	150.4	31	96	63.10291	-145.96508
2085	6/23/2022	19:48:46	901712	150.4	12	95	63.10231	-145.96433
2086	6/23/2022	19:48:54	138597	150.4	67	98	63.10055	-145.96108
2087	6/23/2022	19:48:59	141237	150.4	67	83	63.09922	-145.95883
2088	6/23/2022	19:49:04	139243	150.4	67	160	63.09773	-145.95708
2089	6/23/2022	19:49:09	140053	150.4	67	118	63.09612	-145.95578
2090	6/23/2022	19:49:15	18288	150.4	22	94	63.09406	-145.95446
2091	6/23/2022	19:49:18	822571	150.4	24	117	63.09267	-145.95387
2092	6/23/2022	19:49:21	20123	150.4	22	85	63.09199	-145.95365
2093	6/23/2022	19:49:27	19120	150.4	22	123	63.08986	-145.9533
2094	6/23/2022	19:49:33	20571	150.4	22	99	63.08768	-145.95367
2095	6/23/2022	19:49:38	893019	150.4	76	94	63.08558	-145.95478
2096	6/23/2022	19:49:49	893707	150.4	76	135	63.08168	-145.95535
2097	6/23/2022	19:50:01	379632	150.4	81	80	63.07737	-145.95513
2098	6/23/2022	19:50:02	618683	150.4	63	93	63.07702	-145.95542
2099	6/23/2022	19:50:03	410587	150.4	69	86	63.07668	-145.95576
2100	6/23/2022	19:50:06	378667	150.4	999	90	63.07574	-145.957
2101	6/23/2022	19:50:08	660517	150.4	999	121	63.07518	-145.95799
2102	6/23/2022	19:50:11	108171	150.4	62	114	63.07466	-145.95905
2103	6/23/2022	19:50:13	660997	150.4	999	111	63.07394	-145.96074
2104	6/23/2022	19:50:14	317024	150.4	74	109	63.0737	-145.96131
2105	6/23/2022	19:50:16	108795	150.4	62	107	63.07347	-145.96187
2106	6/23/2022	19:50:16	761365	150.4	188	98	63.07323	-145.96242
2107	6/23/2022	19:50:17	189339	150.4	75	86	63.07323	-145.96242
2108	6/23/2022	19:50:17	385861	150.4	73	105	63.07299	-145.96295
2109	6/23/2022	19:50:17	934357	150.4	80	106	63.07299	-145.96295
2110	6/23/2022	19:50:18	201696	150.4	72	85	63.07299	-145.96295
2111	6/23/2022	19:50:18	662736	150.4	89	86	63.07276	-145.96348
2112	6/23/2022	19:50:19	817371	150.4	74	132	63.07253	-145.96403
2113	6/23/2022	19:50:21	73120	150.4	70	95	63.07232	-145.96459
2114	6/23/2022	19:50:21	761664	150.4	188	146	63.07211	-145.96517
2115	6/23/2022	19:50:22	689189	150.4	75	101	63.07192	-145.96578
2116	6/23/2022	19:50:23	435685	150.4	80	99	63.07174	-145.9664
2117	6/23/2022	19:50:23	701504	150.4	72	101	63.07174	-145.9664
2118	6/23/2022	19:50:24	398128	150.4	61	77	63.07157	-145.96704
2119	6/23/2022	19:50:25	317888	150.4	74	146	63.07142	-145.96767
2120	6/23/2022	19:50:26	73333	150.4	70	103	63.07142	-145.96767
2121	6/23/2022	19:50:26	762080	150.4	188	119	63.07127	-145.96832
2122	6/23/2022	19:50:28	189744	150.4	75	112	63.07113	-145.96896
2123	6/23/2022	19:50:29	201605	150.4	999	114	63.07098	-145.96962
2124	6/23/2022	19:50:29	864976	150.4	71	111	63.07083	-145.97027
2125	6/23/2022	19:50:30	325904	150.4	50	109	63.07066	-145.97093
2126	6/23/2022	19:50:30	818805	150.4	74	123	63.07066	-145.97093
2127	6/23/2022	19:50:31	73685	150.4	70	117	63.07066	-145.97093
2128	6/23/2022	19:50:34	702357	150.4	72	104	63.06979	-145.97336
2129	6/23/2022	19:50:35	365456	150.4	71	120	63.06951	-145.97387
2130	6/23/2022	19:50:39	396283	150.4	61	133	63.06831	-145.97541
2131	6/23/2022	19:50:42	149664	150.4	99	84	63.06766	-145.976
2132	6/23/2022	19:50:42	583056	150.4	94	88	63.06732	-145.97626
2133	6/23/2022	19:50:47	648325	150.4	99	95	63.06565	-145.97715
2134	6/23/2022	19:50:52	402229	150.4	87	94	63.064	-145.97787
2135	6/23/2022	19:50:52	737621	150.4	183	84	63.064	-145.97787
2136	6/23/2022	19:50:53	368336	150.4	999	78	63.06365	-145.97792
2137	6/23/2022	19:50:54	545392	150.4	96	112	63.06331	-145.97792
2138	6/23/2022	19:50:54	889915	150.4	49	87	63.06331	-145.97792
2139	6/23/2022	19:50:57	736624	150.4	999	106	63.06226	-145.9779
2140	6/23/2022	19:50:58	649173	150.4	999	186	63.0619	-145.97797
2141	6/23/2022	19:50:59	83845	150.4	94	101	63.0619	-145.97797
2142	6/23/2022	19:51:00	45408	150.4	999	170	63.06155	-145.97811
2143	6/23/2022	19:51:02	736992	150.4	999	138	63.06056	-145.97898
2144	6/23/2022	19:51:03	25467	150.4	999	103	63.06056	-145.97898
2145	6/23/2022	19:51:04	345792	150.4	999	83	63.05998	-145.97991
2146	6/23/2022	19:51:04	584443	150.4	94	123	63.05998	-145.97991
2147	6/23/2022	19:51:05	124411	150.4	43	103	63.05998	-145.97991
2148	6/23/2022	19:51:05	547045	150.4	96	87	63.05973	-145.98045
2149	6/23/2022	19:51:07	403867	150.4	87	98	63.05927	-145.98163
2150	6/23/2022	19:51:07	942645	150.4	84	87	63.05927	-145.98163
2151	6/23/2022	19:51:08	525221	150.4	91	123	63.05907	-145.98226
2152	6/23/2022	19:51:10	85056	150.4	94	116	63.05889	-145.98291
2153	6/23/2022	19:51:12	404181	150.4	87	107	63.05853	-145.98495
2154	6/23/2022	19:51:12	943163	150.4	84	88	63.05853	-145.98495
2155	6/23/2022	19:51:14	468816	150.4	999	91	63.05843	-145.98629
2156	6/23/2022	19:51:17	404453	150.4	87	149	63.05834	-145.98827
2157	6/23/2022	19:51:17	942928	150.4	84	114	63.05834	-145.98827
2158	6/23/2022	19:51:19	353237	150.4	42	88	63.05831	-145.98958
2159	6/23/2022	19:51:22	405173	150.4	87	125	63.05831	-145.99151
2160	6/23/2022	19:51:22	943424	150.4	84	120	63.05831	-145.99151
2161	6/23/2022	19:51:24	692651	150.4	44	81	63.05829	-145.9928
2162	6/23/2022	19:51:27	406731	150.4	87	90	63.05814	-145.99481
2163	6/23/2022	19:51:27	944544	150.4	84	97	63.05814	-145.99481
2164	6/23/2022	19:51:28	405707	150.4	90	93	63.05805	-145.99548
2165	6/23/2022	19:51:29	353515	150.4	42	104	63.05793	-145.99614
2166	6/23/2022	19:51:29	691099	150.4	44	113	63.05793	-145.99614
2167	6/23/2022	19:51:30	787493	150.4	45	111	63.05779	-145.99679
2168	6/23/2022	19:51:33	405947	150.4	90	114	63.05725	-145.99867
2169	6/23/2022	19:51:34	353781	150.4	42	148	63.05703	-145.99925
2170	6/23/2022	19:51:34	691173	150.4	44	118	63.05703	-145.99925
2171	6/23/2022	19:51:35	786501	150.4	45	136	63.0568	-145.9998
2172	6/23/2022	19:51:39	354464	150.4	42	131	63.05568	-146.00147
2173	6/23/2022	19:51:39	691888	150.4	44	115	63.05568	-146.00147
2174	6/23/2022	19:51:39	929488	150.4	41	101	63.05568	-146.00147
2175	6/23/2022	19:51:43	408656	150.4	90	83	63.05438	-146.0019
2176	6/23/2022	19:51:44	693653	150.4	44	86	63.05406	-146.00178
2177	6/23/2022	19:51:49	356928	150.4	42	87	63.05261	-146.00055
2178	6/23/2022	19:52:40	805803	150.4	100	87	63.04503	-146.02607
2179	6/23/2022	19:52:46	305392	150.4	100	118	63.04449	-146.03012
2180	6/23/2022	19:52:51	806069	150.4	100	163	63.04399	-146.03354
2181	6/23/2022	19:53:02	809541	150.4	100	82	63.04246	-146.04068
2182	6/23/2022	19:53:07	428581	150.4	98	115	63.04152	-146.04378
2183	6/23/2022	19:53:11	457803	150.4	999	84	63.0408	-146.04623
2184	6/23/2022	19:53:12	393701	150.4	54	102	63.04063	-146.04686
2185	6/23/2022	19:53:12	929365	150.4	999	110	63.04063	-146.04686
2186	6/23/2022	19:53:16	592427	150.4	52	94	63.03988	-146.04932
2187	6/23/2022	19:53:16	957451	150.4	999	101	63.03988	-146.04932
2188	6/23/2022	19:53:17	224960	150.4	999	96	63.03988	-146.04932
2189	6/23/2022	19:53:18	63712	150.4	999	115	63.03968	-146.0499
2190	6/23/2022	19:53:18	429835	150.4	999	113	63.03948	-146.05046
2191	6/23/2022	19:53:22	92965	150.4	52	97	63.03886	-146.05212
2192	6/23/2022	19:53:22	457792	150.4	999	121	63.03864	-146.05267
2193	6/23/2022	19:53:22	725312	150.4	999	119	63.03864	-146.05267
2194	6/23/2022	19:53:23	564320	150.4	999	130	63.03841	-146.0532
2195	6/23/2022	19:53:23	930677	150.4	999	105	63.03841	-146.0532
2196	6/23/2022	19:53:27	958315	150.4	56	139	63.03735	-146.05491
2197	6/23/2022	19:53:29	65952	150.4	999	86	63.03707	-146.05524
2198	6/23/2022	19:53:34	566597	150.4	999	85	63.0353	-146.0567
2199	6/23/2022	19:53:39	985995	150.4	57	115	63.03376	-146.05791
2200	6/23/2022	19:53:48	725083	150.4	60	92	63.0309	-146.06004
2201	6/23/2022	19:53:59	725627	150.4	60	110	63.02749	-146.06198
2202	6/23/2022	19:54:03	670725	150.4	158	88	63.0263	-146.06296
2203	6/23/2022	19:54:09	171392	150.4	158	87	63.02479	-146.06436
